tree
version=v4
num_class=1
num_tree_per_iteration=1
label_index=0
max_feature_idx=10
objective=regression
feature_names=plate_x plate_z plate_x_adj zone_center_dist out_of_zone_dist in_zone pfx_x pfx_z release_speed stand_cat same_side
feature_infos=[-3.1115644234549222:3.4358911293570031] [-1.0514439552679231:5.102841122422463] [-2.8841333126697291:3.4358911293570031] [0.018046058011442604:4.3264786833885065] [0:3.0335836012082686] [0:1] [-2:2.0800000000000001] [-1.29:1.1100000000000001] [71.299999999999997:90.799999999999997] -1:1:0 [0:1]
tree_sizes=1779 1802 1884 1946 1883 1949 2030 1979 1788 1976 1983 1882 1974 1883 1907 1866 1796 1862 1785 1956 1869 1891 1912

Tree=0
num_leaves=18
num_cat=0
split_feature=4 4 1 6 3 1 3 0 0 0 1 6 6 6 6 6 0
split_gain=1.95859 0.342929 0.333369 0.228947 0.306833 0.585765 0.210695 0.19462 0.193642 0.175598 0.169437 0.10255 0.231631 0.0867991 0.0824722 0.077798 0.0473223
threshold=0.2214933784505482 1.2592743138180305 2.6440633988359568 -1.4149999999999998 0.76690979332240161 2.2572990589913533 0.32372098314141484 0.12516716606017383 0.25365823115902614 1.3643972092165635 2.8259180155111374 1.1250000000000002 1.3250000000000004 1.2450000000000003 -0.31499999999999995 -0.72499999999999987 -0.31742155293311508
decision_type=2 2 2 2 2 2 2 2 2 2 2 2 2 2 2 2 2
left_child=3 2 8 -1 5 7 -7 -5 14 13 11 15 -13 -10 -2 -6 -8
right_child=1 -3 -4 4 10 6 16 -9 9 -11 -12 12 -14 -15 -16 -17 -18
leaf_value=-0.0039838114304405784 -0.001598705799865325 -0.00013415171637412224 -2.3540657970104462e-05 -0.00070940435671532076 -0.0032411276302394773 -0.0021532820546748266 -0.004110488952105416 -0.002314194960788986 -0.0020810831619856992 -0.0013427430782736126 -0.002205400706164885 -0.0021824276205801301 -0.0038025570272719406 -0.0030001722030025295 -0.000552562137422843 -0.0042306523776447858 -0.0032648559159875641
leaf_weight=522 529 480 300 464 355 364 300 329 537 465 302 393 487 483 320 551 481
leaf_count=522 529 480 300 464 355 364 300 329 537 465 302 393 487 483 320 551 481
internal_value=-0.00233341 -0.00136749 -0.00159489 -0.00299484 -0.002865 -0.00240902 -0.00313455 -0.00136804 -0.0017999 -0.00214856 -0.00328559 -0.003471 -0.003074 -0.00251163 -0.00119689 -0.00384987 -0.00359793
internal_weight=7662 3114 2634 4548 4026 1938 1145 793 2334 1485 2088 1786 880 1020 849 906 781
internal_count=7662 3114 2634 4548 4026 1938 1145 793 2334 1485 2088 1786 880 1020 849 906 781
is_linear=0
shrinkage=1


Tree=1
num_leaves=18
num_cat=0
split_feature=4 4 10 6 3 0 0 3 4 7 7 8 10 4 6 8 7
split_gain=1.76881 0.309237 0.303141 0.206562 0.277038 0.284176 0.283956 0.217164 0.133278 0.0988889 0.0976996 0.105692 0.0566599 0.102817 0.0641875 0.0551607 0.0257796
threshold=0.2214933784505482 1.2592743138180305 1.0000000180025095e-35 -1.4149999999999998 0.76690979332240161 0.12516716606017383 -0.33739126337266989 0.54778204817524301 0.5361908397097328 -0.18499999999999997 -0.18499999999999997 82.550000000000011 1.0000000180025095e-35 1.0000000180025095e-35 1.1250000000000002 82.750000000000014 -0.16499999999999998
decision_type=2 2 2 2 2 2 2 2 2 2 2 2 2 2 2 2 2
left_child=3 2 10 -1 5 6 -5 -7 15 -8 11 -2 13 -6 -14 -4 -10
right_child=1 -3 8 4 12 7 9 -9 16 -11 -12 -13 14 -15 -16 -17 -18
leaf_value=-0.0015680374785964812 0.0015098158258749395 0.0020895256624610804 0.00016182055926284959 -0.00062395418615013027 -0.0010626098569943637 -0.0016538075802364082 0.0014632596810620823 1.6085325408264333e-05 0.00042389056147006468 0.00027078335027680027 0.0020894292701764345 0.00031841958184095868 -0.0015615317910370029 -1.8107983939012977e-05 -0.00076988106327007715 -0.00075694319569812453 0.0010182824610289367
leaf_weight=522 464 480 308 417 557 387 454 379 575 301 316 332 531 425 575 330 309
leaf_count=522 464 480 308 417 557 387 454 379 575 301 316 332 531 425 575 330 309
internal_value=0 0.000918071 0.000701985 -0.000628432 -0.000505005 -7.15926e-05 0.000414959 -0.000822119 0.000239188 0.000995449 0.00133014 0.0010202 -0.000904661 -0.000616124 -0.00115554 -0.000306018 0.000638224
internal_weight=7662 3114 2634 4548 4026 1938 1172 766 1522 755 1112 796 2088 982 1106 638 884
internal_count=7662 3114 2634 4548 4026 1938 1172 766 1522 755 1112 796 2088 982 1106 638 884
is_linear=0
shrinkage=0.05


Tree=2
num_leaves=19
num_cat=0
split_feature=4 1 4 10 7 3 7 1 1 8 0 4 1 8 3 3 8 1
split_gain=1.59795 0.281596 0.304676 0.217336 0.158179 0.267924 0.19249 0.185679 0.406156 0.185578 0.258923 0.130129 0.114615 0.0716684 0.0714758 0.0520926 0.0333796 0.0263467
threshold=0.2214933784505482 2.7486485826436096 1.2592743138180305 1.0000000180025095e-35 -0.18499999999999997 0.37945919823213642 -0.55499999999999994 1.7066688308926248 2.1791485433219915 84.15000000000002 -0.44209711899036302 0.5361908397097328 2.1671624781398213 82.550000000000011 0.7532066474522352 0.92686529568681197 82.850000000000009 0.94543686380416159
decision_type=2 2 2 2 2 2 2 2 2 2 2 2 2 2 2 2 2 2
left_child=4 2 3 13 5 -1 15 -8 -9 10 -6 16 -12 -2 -10 -7 -5 -13
right_child=1 -3 -4 11 9 6 7 8 14 -11 12 17 -14 -15 -16 -17 -18 -19
leaf_value=0.00089703277896699982 0.0015040714764502374 0.0023314465698053666 0.0019073135899790651 -6.8953104446366732e-05 -0.0017503455556287136 -0.0016617144246426363 -0.0011043776665206277 0.0010338501790601304 -0.0013037118059409773 -0.0018899185100566434 0.00037223928030013202 0.00020572220538642649 -0.0007030440508855706 0.00058902146673199464 -0.00021957441963863994 -0.00073544686137072578 -0.00083457753201579196 0.00078476337357128324
leaf_weight=367 491 301 451 300 402 379 467 573 335 418 426 426 578 425 302 301 300 420
leaf_count=367 491 301 451 300 402 379 467 573 335 418 426 426 578 425 302 301 300 420
internal_value=0 0.000872679 0.000714036 0.000483365 -0.000597236 -0.000352824 -0.000549853 -0.000258043 6.5113e-05 -0.000959113 -0.000677687 9.76268e-05 -0.000241907 0.00108607 -0.000798712 -0.00126073 -0.000460836 0.00049968
internal_weight=7662 3114 2813 2362 4548 2724 2357 1677 1210 1824 1406 1446 1004 916 637 680 600 846
internal_count=7662 3114 2813 2362 4548 2724 2357 1677 1210 1824 1406 1446 1004 916 637 680 600 846
is_linear=0
shrinkage=0.05


Tree=3
num_leaves=20
num_cat=0
split_feature=4 2 6 6 1 0 0 1 1 6 4 10 3 0 3 1 4 1 0
split_gain=1.44347 0.577573 0.50561 0.28363 0.254019 0.279172 0.25082 0.230791 0.197771 0.138877 0.149897 0.12608 0.17057 0.164487 0.204173 0.105841 0.0548268 0.0310299 0.0222065
threshold=0.2214933784505482 0.14591606732906082 -1.095 1.2550000000000001 2.7486485826436096 1.7694925208475645 0.25365823115902614 1.8744267863953166 2.3889338437197627 0.94500000000000006 0.61605907548847927 1.0000000180025095e-35 0.91466884247047531 0.32717830859123936 0.91466884247047531 2.3707433251034726 0.49859686485544297 2.3786287859103261 1.3296019915543413
decision_type=2 2 2 2 2 2 2 2 2 2 2 2 2 2 2 2 2 2 2
left_child=1 2 15 7 5 6 16 -4 -9 -8 -11 12 17 -13 -15 -1 -2 -3 -12
right_child=4 11 3 -5 -6 -7 9 8 -10 10 18 13 -14 14 -16 -17 -18 -19 -20
leaf_value=-0.00050228887896851509 0.0006448869621371099 -0.00075372844053111664 -6.7139095666263364e-06 -0.00036555502977238258 0.0022152602450308447 0.002084059795062463 0.0010421432072716898 0.0025083442002804806 0.00070620084596630594 -0.00072226706469862836 6.1337843078437682e-05 -0.0020886889671661545 0.00019600900898671887 -3.203329826564269e-05 -0.0016566614179574718 -0.0018299980583401159 0.001436637759170605 -0.0014904993219742417 0.00068031514634855526
leaf_weight=316 402 317 338 572 301 315 306 308 322 587 300 560 356 351 448 312 583 348 320
leaf_count=316 402 317 338 572 301 315 306 308 322 587 300 560 356 351 448 312 583 348 320
internal_value=0 -0.000567672 2.04828e-05 0.000510345 0.000829389 0.000678585 0.000498589 0.00103293 0.00159775 9.05474e-05 -0.000147226 -0.00110532 -0.000675044 -0.00142417 -0.000950146 -0.00117172 0.00111956 -0.00114845 0.000389443
internal_weight=7662 4548 2168 1540 3114 2813 2498 968 630 1513 1207 2380 1021 1359 799 628 985 665 620
internal_count=7662 4548 2168 1540 3114 2813 2498 968 630 1513 1207 2380 1021 1359 799 628 985 665 620
is_linear=0
shrinkage=0.05


Tree=4
num_leaves=19
num_cat=0
split_feature=4 2 4 1 2 1 0 10 8 8 10 2 0 0 4 2 0 3
split_gain=1.30441 0.521469 0.235548 0.23482 0.226444 0.39956 0.304037 0.172443 0.156006 0.196247 0.235099 0.153494 0.139627 0.123047 0.100893 0.0495629 0.0295481 0.0204866
threshold=0.2214933784505482 0.14591606732906082 1.2592743138180305 2.6440633988359568 -0.58130671943005929 2.6332357104694535 -0.1179445185589859 1.0000000180025095e-35 84.15000000000002 81.250000000000014 1.0000000180025095e-35 -0.44428603954885071 0.32717830859123936 0.047245134544957407 0.64211282512682155 0.41048766269931752 0.70721936037302335 2.0821581315971023
decision_type=2 2 2 2 2 2 2 2 2 2 2 2 2 2 2 2 2 2
left_child=1 4 3 7 -1 6 -6 11 9 10 -3 -2 15 -8 16 -11 -9 -16
right_child=2 8 -4 -5 5 -7 13 14 -10 12 -12 -13 -14 -15 17 -17 -18 -19
leaf_value=-0.00093937108362221195 0.00035098167948096189 -0.00054035068643576271 0.0018113812839425033 0.0019188636640029531 0.0017697527195806029 -0.0010087570584393858 -0.0006067528573132806 7.3677373372345228e-05 -0.001869603216176326 -0.0013268641501790657 -0.0022596383846366303 0.0016838586481020858 0.00025813030069896385 0.00065779933218482168 0.00080364554111753974 -0.00040782861496837359 -0.00054645656754178263 0.00022059948294853813
leaf_weight=477 479 397 480 300 460 434 317 301 475 318 419 412 459 480 354 312 473 315
leaf_count=477 479 397 480 300 460 434 317 301 475 318 419 412 459 480 354 312 473 315
internal_value=0 -0.000539621 0.00078844 0.000599513 1.91247e-05 0.000292849 0.000746669 0.00042704 -0.00105049 -0.000842753 -0.00143098 0.000974109 -0.000396495 0.000148439 8.53419e-05 -0.000881014 -0.000299058 0.000537319
internal_weight=7662 4548 3114 2634 2168 1691 1257 2334 2380 1905 816 891 1089 797 1443 630 774 669
internal_count=7662 4548 3114 2634 2168 1691 1257 2334 2380 1905 816 891 1089 797 1443 630 774 669
is_linear=0
shrinkage=0.05


Tree=5
num_leaves=20
num_cat=0
split_feature=4 2 6 1 1 4 1 8 8 6 2 8 7 4 1 6 2 2 8
split_gain=1.17871 0.470924 0.45542 0.267252 0.357671 0.214104 0.213907 0.140541 0.177102 0.128205 0.114257 0.112475 0.127079 0.122656 0.0885368 0.0871705 0.0572208 0.0451251 0.0101038
threshold=0.2214933784505482 0.14591606732906082 -1.095 1.8744267863953166 2.2878984132876727 1.4160635171477389 2.6440633988359568 84.15000000000002 81.250000000000014 -0.77499999999999991 -0.24647886326044272 82.550000000000011 -0.18499999999999997 0.53245945222068525 2.3707433251034726 1.1250000000000002 0.21018201998969283 1.2889098789831113 82.750000000000014
decision_type=2 2 2 2 2 2 2 2 2 2 2 2 2 2 2 2 2 2 2
left_child=1 2 14 -4 -5 6 11 8 9 -3 -6 16 13 -13 -1 -10 -2 -18 -17
right_child=5 7 3 4 10 -7 -8 -9 15 -11 -12 12 -14 -15 -16 18 17 -19 -20
leaf_value=-0.00049858598385872145 0.0013020961408944788 -0.00076254090536746462 -0.00039881620726442684 0.002156877208606597 -0.00047408309497690604 0.0019159024732446934 0.0018256936734395357 -0.0017763194547898604 -0.00088755070834544184 -0.0020486311685165861 0.00089189353366153417 -0.0010337347084954029 0.00074541951699244385 0.00021565448930583285 -0.001716614864084936 -0.0001813057231066643 0.00015497136437977934 0.00096654522919349412 0.00022199939494814099
leaf_weight=316 393 442 546 388 302 352 316 475 472 374 304 315 508 507 312 317 395 328 300
leaf_count=316 393 442 546 388 302 352 316 475 472 374 304 315 508 507 312 317 395 328 300
internal_value=0 -0.000512929 1.7935e-05 0.000482968 0.000972267 0.000749521 0.000598423 -0.00099841 -0.00080099 -0.0013599 0.000203263 0.000437147 0.000121947 -0.000257725 -0.00111344 -0.000376738 0.000807867 0.000530887 6.74207e-06
internal_weight=7662 4548 2168 1540 994 3114 2762 2380 1905 816 606 2446 1330 822 628 1089 1116 723 617
internal_count=7662 4548 2168 1540 994 3114 2762 2380 1905 816 606 2446 1330 822 628 1089 1116 723 617
is_linear=0
shrinkage=0.05


Tree=6
num_leaves=21
num_cat=0
split_feature=4 2 6 6 0 0 6 1 1 8 8 10 0 4 6 1 6 4 6 2
split_gain=1.06527 0.42518 0.411281 0.254197 0.203594 0.227898 0.264433 0.195724 0.153883 0.126599 0.159835 0.209285 0.125506 0.107461 0.104052 0.0797205 0.0609795 0.0397289 0.0338223 0.0124196
threshold=0.2214933784505482 0.14591606732906082 -1.095 1.2550000000000001 1.7694925208475645 0.25365823115902614 0.87500000000000011 1.8744267863953166 2.3889338437197627 84.15000000000002 81.250000000000014 1.0000000180025095e-35 0.32717830859123936 0.64211282512682155 0.51500000000000012 2.3707433251034726 1.155 0.63631126735220167 1.2850000000000004 1.0093359924280414
decision_type=2 2 2 2 2 2 2 2 2 2 2 2 2 2 2 2 2 2 2 2
left_child=1 2 15 7 5 14 -7 -4 -9 10 11 -3 16 19 17 -1 -12 -2 -15 -8
right_child=4 9 3 -5 -6 6 13 8 -10 -11 12 -13 -14 18 -16 -17 -18 -19 -20 -21
leaf_value=-0.00047373532132948497 0.00031178633793685432 -0.00045178067975749822 -2.601631219254306e-06 -0.00037026740854452034 0.0018917939939104963 0.0014716342904783622 -0.00083139508751962443 0.002278474914819703 0.00068388762140117498 -0.0016876900267835334 -0.0013247480305877577 -0.002073981045673723 0.00026241679379524179 -2.3738237320420797e-05 0.0016801739308107148 -0.001631058345018989 -0.00031430208047135769 0.0010891818631811518 0.00069498290703409499 -0.00035628937855174288
leaf_weight=316 360 397 338 572 330 317 304 308 322 475 308 419 459 315 473 312 322 345 313 357
leaf_count=316 360 397 338 572 330 317 304 308 322 475 308 419 459 315 473 312 322 345 313 357
internal_value=0 -0.000487618 1.66915e-05 0.000458728 0.000712544 0.000570338 0.000178952 0.000953625 0.00147376 -0.000948919 -0.000761299 -0.00129239 -0.00035794 -0.000135972 0.00109908 -0.00105834 -0.000817538 0.0007003 0.000327064 -0.000583274
internal_weight=7662 4548 2168 1540 3114 2784 1606 968 630 2380 1905 816 1089 1289 1178 628 630 705 628 661
internal_count=7662 4548 2168 1540 3114 2784 1606 968 630 2380 1905 816 1089 1289 1178 628 630 705 628 661
is_linear=0
shrinkage=0.05


Tree=7
num_leaves=20
num_cat=0
split_feature=4 2 6 2 1 6 2 10 4 7 2 10 3 6 3 4 1 1 3
split_gain=0.962391 0.3839 0.382497 0.248031 0.269889 0.273873 0.24942 0.191845 0.169264 0.0969824 0.127731 0.0952207 0.151933 0.135152 0.121639 0.0564508 0.0424754 0.0289708 0.0111238
threshold=0.2214933784505482 0.14591606732906082 -1.4149999999999998 -0.58130671943005929 2.6332357104694535 1.2550000000000001 -0.22804079622737081 1.0000000180025095e-35 1.0681916283649429 -0.18499999999999997 -0.25846155819455402 1.0000000180025095e-35 0.91466884247047531 0.82500000000000007 0.85004184131821592 0.5361908397097328 0.94543686380416159 2.3786287859103261 1.4678219043657084
decision_type=2 2 2 2 2 2 2 2 2 2 2 2 2 2 2 2 2 2 2
left_child=1 2 -1 -4 5 6 -5 9 15 10 -2 12 17 -13 -15 18 -17 -3 -9
right_child=7 11 3 4 -6 -7 -8 8 -10 -11 -12 13 -14 14 -16 16 -18 -19 -20
leaf_value=-0.0015411901886731544 0.00028255787174031834 -0.00059617749446455343 -0.0007974588547376174 0.0026272156411989308 -0.00062195592226086814 -0.00014017224688955558 0.00074692793911810109 -4.5642814983784486e-05 0.001142681659483632 0.0018788435923490663 0.0014873020520259029 -0.0019092914892932062 0.00029507472139720596 -0.00013367377992141985 -0.001313813266115244 -4.5335251463878134e-05 0.00070854868084428008 -0.0013027626110816556 -0.0004833713711853674
leaf_weight=332 467 317 398 308 336 356 438 310 495 348 438 439 356 387 533 327 401 348 328
leaf_count=332 467 317 398 308 336 356 438 310 495 348 438 439 356 387 533 327 401 348 328
internal_value=0 -0.000463568 1.55223e-05 0.000300427 0.00060811 0.000987914 0.00153241 0.000677172 0.000350973 0.001157 0.000872144 -0.000901905 -0.000527306 -0.00117907 -0.000823498 5.9797e-05 0.000363466 -0.000974848 -0.000278911
internal_weight=7662 4548 2168 1836 1438 1102 746 3114 1861 1253 905 2380 1021 1359 920 1366 728 665 638
internal_count=7662 4548 2168 1836 1438 1102 746 3114 1861 1253 905 2380 1021 1359 920 1366 728 665 638
is_linear=0
shrinkage=0.05


Tree=8
num_leaves=18
num_cat=0
split_feature=4 0 0 6 6 6 6 3 8 0 7 6 0 8 6 4 8
split_gain=0.869337 0.176916 0.194661 0.228445 0.16691 0.240842 0.243449 0.158817 0.132082 0.197741 0.218847 0.273909 0.436028 0.09597 0.088595 0.0868426 0.0359842
threshold=0.2214933784505482 1.7694925208475645 0.25365823115902614 0.87500000000000011 1.4950000000000003 1.1250000000000002 1.2550000000000001 0.77981227354782023 84.350000000000009 -0.46476061755670056 -0.43499999999999994 -1.1449999999999998 0.11538023488659761 82.550000000000011 0.51500000000000012 0.72627553173035697 80.450000000000017
decision_type=2 2 2 2 2 2 2 2 2 2 2 2 2 2 2 2 2
left_child=4 2 14 -4 5 8 -7 -8 9 -1 -11 -12 -13 -5 16 -15 -2
right_child=1 -3 3 13 -6 6 7 -9 -10 10 11 12 -14 15 -16 -17 -18
leaf_value=-0.0012691015906137711 0.00028654310317816534 0.0017429115614018759 0.0013506307727792711 0.00052687033411956841 -0.0013808461991251528 0.0010682697942972028 0.00037744233765080339 -0.00092427995972069502 -0.0014540206557919475 -0.0011789617654021814 -0.00065814429277325686 0.0021744456340827647 -0.00033596848274348307 -0.00084625759224621041 0.0015360109050778937 0.00012574080110934295 0.0010292421190897585
leaf_weight=577 386 330 317 372 430 502 446 484 408 423 588 316 374 521 473 396 319
leaf_count=577 386 330 317 372 430 502 446 484 408 423 588 316 374 521 473 396 319
internal_value=0 0.000643473 0.000510777 0.000148846 -0.000440716 -0.000341022 0.000179889 -0.000294908 -0.000620562 -0.00046852 -0.000193429 0.000129526 0.000807976 -0.000143647 0.000999422 -0.000421381 0.000630665
internal_weight=7662 3114 2784 1606 4548 4118 1432 930 2686 2278 1701 1278 690 1289 1178 917 705
internal_count=7662 3114 2784 1606 4548 4118 1432 930 2686 2278 1701 1278 690 1289 1178 917 705
is_linear=0
shrinkage=0.05


Tree=9
num_leaves=20
num_cat=0
split_feature=3 2 2 1 6 0 3 2 6 6 0 7 8 0 7 0 1 1 3
split_gain=0.781821 0.300038 0.290672 0.229728 0.199109 0.275523 0.188915 0.175892 0.161015 0.25346 0.150325 0.105959 0.103981 0.183214 0.0875663 0.156973 0.0802883 0.0627972 0.0108235
threshold=1.3886314400524828 -0.05179235213053509 -0.45543815844115437 1.8070259303324521 -0.96499999999999986 -0.081043785563609347 2.4397329551589522 0.98562735531657297 1.1250000000000002 1.2550000000000001 0.24483645938479917 -0.32499999999999996 83.050000000000011 -0.18151199338548907 -0.16499999999999998 1.0080005308604478 2.4411585600400203 2.1607672570857823 1.7107969453688601
decision_type=2 2 2 2 2 2 2 2 2 2 2 2 2 2 2 2 2 2 2
left_child=1 2 17 6 -4 -6 10 8 12 -10 18 -11 13 -3 15 -12 -15 -1 -2
right_child=3 7 4 -5 5 -7 -8 -9 9 11 14 -13 -14 16 -16 -17 -18 -19 -20
leaf_value=-0.00012068580344671355 0.0011082561799638832 -0.0017485042215116663 -0.00031521425666012514 0.0016676294678641631 0.0022789762783507312 0.00022419682299660052 0.0013772325117974011 0.00036578767777407646 0.00081278099316061498 -0.00032029394855161326 -0.0010699615422556318 -0.0014448878035804107 -0.0017551883948469977 5.6340021081615267e-05 0.00061421032925660626 0.00025176058675422942 -0.00097595400032396559 -0.001056204251630983 0.00062001690012426303
leaf_weight=378 301 383 308 482 316 349 451 359 331 510 408 374 480 419 321 488 329 366 309
leaf_count=378 301 383 308 482 316 349 451 359 331 510 408 374 480 419 321 488 329 366 309
internal_value=0 -0.000378934 0.000151418 0.000672997 0.000722283 0.00121007 0.00045971 -0.000666368 -0.00079934 -0.000358273 0.000229853 -0.000802828 -0.00112846 -0.000856738 -8.76253e-05 -0.000345043 -0.000391725 -0.000588412 0.000870538
internal_weight=7662 4902 1717 2760 973 665 2278 3185 2826 1215 1827 884 1611 1131 1217 896 748 744 610
internal_count=7662 4902 1717 2760 973 665 2278 3185 2826 1215 1827 884 1611 1131 1217 896 748 744 610
is_linear=0
shrinkage=0.05


Tree=10
num_leaves=20
num_cat=0
split_feature=4 2 6 8 2 10 2 4 8 8 10 0 7 2 0 2 4 4 6
split_gain=0.710501 0.309963 0.321939 0.201329 0.18832 0.162757 0.157888 0.133928 0.107514 0.135622 0.170165 0.11235 0.0843376 0.097203 0.0508661 0.0489916 0.0427008 0.0181249 0.00666658
threshold=0.2214933784505482 0.14591606732906082 -1.4149999999999998 80.750000000000014 -0.31890293477972526 1.0000000180025095e-35 -0.080263291708369586 0.63631126735220167 84.15000000000002 81.250000000000014 1.0000000180025095e-35 0.32717830859123936 -0.18499999999999997 -0.25846155819455402 0.6290629845490987 0.41048766269931752 1.1600792203471546 0.84686066684276051 1.0950000000000004
decision_type=2 2 2 2 2 2 2 2 2 2 2 2 2 2 2 2 2 2 2
left_child=1 2 -1 -4 18 12 -6 14 9 10 -3 15 13 -2 -7 -11 17 -9 -5
right_child=5 8 3 4 6 7 -8 16 -10 11 -12 -13 -14 -15 -16 -17 -18 -19 -20
leaf_value=-0.0013958015033509233 0.00024185876671969095 -0.00034914966250434 0.0011640144928845738 -0.00045284903633561948 0.0012871708473114103 0.00029708368432646893 -0.00017509245142930744 0.00066482920928755173 -0.0014725467491967232 -0.0011232248391170744 -0.001812626194652001 0.00033958407003671669 0.0016967310708869759 0.0012947709492692082 -0.00050903533974113618 -0.00021705435645513082 0.0010568886592129993 0.00010698822788904085 -0.00084261313020376561
leaf_weight=332 467 397 487 305 351 311 377 304 475 318 419 459 348 438 503 312 415 328 316
leaf_count=332 467 397 487 305 351 311 377 304 475 318 419 459 348 438 503 312 415 328 316
internal_value=0 -0.000398281 3.20222e-05 0.000293554 -1.76155e-05 0.000581871 0.000523867 0.000281296 -0.000792203 -0.000619256 -0.00110803 -0.000247741 0.00102373 0.00075783 -0.000194925 -0.000683434 0.000656143 0.000383842 -0.000660258
internal_weight=7662 4548 2168 1836 1349 3114 728 1861 2380 1905 816 1089 1253 905 814 630 1047 632 621
internal_count=7662 4548 2168 1836 1349 3114 728 1861 2380 1905 816 1089 1253 905 814 630 1047 632 621
is_linear=0
shrinkage=0.05


Tree=11
num_leaves=19
num_cat=0
split_feature=3 2 2 1 1 1 4 2 6 6 0 0 8 0 6 1 4 6
split_gain=0.648214 0.249361 0.249331 0.310774 0.198703 0.182803 0.17505 0.148266 0.143849 0.228142 0.121394 0.141759 0.0908562 0.152216 0.0745013 0.0721106 0.0500548 0.0482191
threshold=1.3886314400524828 -0.05179235213053509 -0.58130671943005929 2.6332357104694535 1.8070259303324521 1.8744267863953166 1.4160635171477389 0.98562735531657297 1.1250000000000002 1.2550000000000001 0.56560311195187896 1.0080005308604478 83.050000000000011 -0.18151199338548907 1.4750000000000003 2.4411585600400203 0.7328059813475637 -0.31499999999999995
decision_type=2 2 2 2 2 2 2 2 2 2 2 2 2 2 2 2 2 2
left_child=1 2 -1 5 6 -4 10 8 12 -10 17 -12 13 -3 -11 -15 -13 -2
right_child=4 7 3 -5 -6 -7 -8 -9 9 14 11 16 -14 15 -16 -17 -18 -19
leaf_value=-0.00077984594071788677 0.0003844410496476894 -0.0015989835794327216 0.00015014861159497476 -0.00084644163604567476 0.0015380437789699914 0.0016066302555248491 0.0015015321974110522 0.00033987220496459891 0.0007987416860255125 -0.00039195943192007538 -0.0009274786983655566 -0.00013731063544707324 -0.0016264966927438404 6.3032293284084602e-05 -0.0013802052661505812 -0.00091499244830276546 0.00064059414862728775 0.0012069923999364425
leaf_weight=513 488 383 380 301 482 523 319 359 331 584 352 379 480 419 300 329 432 308
leaf_count=513 488 383 380 301 482 523 319 359 331 584 352 379 480 419 300 329 432 308
internal_value=0 -0.000344976 0.000138309 0.000533988 0.000612864 0.00100009 0.000414323 -0.00060704 -0.000729177 -0.000312135 0.000234057 -8.78013e-05 -0.00104022 -0.000785763 -0.000734167 -0.000361113 0.000271181 0.000710103
internal_weight=7662 4902 1717 1204 2760 903 2278 3185 2826 1215 1959 1163 1611 1131 884 748 811 796
internal_count=7662 4902 1717 1204 2760 903 2278 3185 2826 1215 1959 1163 1611 1131 884 748 811 796
is_linear=0
shrinkage=0.05


Tree=12
num_leaves=20
num_cat=0
split_feature=4 2 6 6 7 7 10 4 8 8 10 0 7 2 7 0 6 8 4
split_gain=0.580923 0.254905 0.303639 0.195256 0.204685 0.436873 0.143615 0.11112 0.0949325 0.119895 0.145761 0.0984232 0.0761315 0.0823827 0.0458871 0.0432504 0.0405715 0.0402614 0.0150073
threshold=0.2214933784505482 0.14591606732906082 -1.095 1.3450000000000004 -0.40499999999999997 -0.20499999999999999 1.0000000180025095e-35 0.63631126735220167 84.15000000000002 81.250000000000014 1.0000000180025095e-35 0.32717830859123936 -0.18499999999999997 -0.25846155819455402 -0.32499999999999996 0.6290629845490987 1.0050000000000001 80.350000000000009 1.0681916283649429
decision_type=2 2 2 2 2 2 2 2 2 2 2 2 2 2 2 2 2 2 2
left_child=1 2 17 4 -4 -6 12 15 9 10 -3 14 13 -2 -11 -8 -9 -1 -18
right_child=6 8 3 -5 5 -7 7 16 -10 11 -12 -13 -14 -15 -16 -17 18 -19 -20
leaf_value=-0.00046817746539291709 0.00021240329669398438 -0.00031074398358840375 -0.00021096395352166532 -0.00049253619321534305 0.0027070535180471027 0.00023735905373876832 0.00026294715642320509 0.0010023104684834987 -0.0013567079715134807 -0.00015824021098970046 -0.0016663444169230171 0.00034432299193829988 0.0015806258244990849 0.0011827383689959206 -0.0010341551966706428 -0.00047953945223107156 9.3278633294227942e-05 -0.0013051580348896004 0.00058950700759521381
leaf_weight=316 467 397 359 426 300 455 311 382 475 309 419 459 348 438 321 503 349 312 316
leaf_count=316 467 397 359 426 300 455 311 382 475 309 419 459 348 438 321 503 349 312 316
internal_value=0 -0.000360107 2.99088e-05 0.000409993 0.000759742 0.00122759 0.000526171 0.000243694 -0.000717345 -0.000554672 -0.00101413 -0.000205196 0.0009412 0.00068833 -0.000613395 -0.000189753 0.000585311 -0.000893365 0.000337119
internal_weight=7662 4548 2168 1540 1114 755 3114 1861 2380 1905 816 1089 1253 905 630 814 1047 628 665
internal_count=7662 4548 2168 1540 1114 755 3114 1861 2380 1905 816 1089 1253 905 630 814 1047 628 665
is_linear=0
shrinkage=0.05


Tree=13
num_leaves=19
num_cat=0
split_feature=3 1 4 6 6 8 3 0 7 7 4 0 1 0 7 1 4 8
split_gain=0.537501 0.171953 0.15351 0.129695 0.155871 0.15955 0.236776 0.276973 0.242146 0.139432 0.133832 0.10436 0.0820951 0.0755825 0.0730045 0.0987283 0.0417504 0.0226859
threshold=1.3886314400524828 1.8070259303324521 1.4160635171477389 -1.5049999999999997 1.4950000000000003 84.350000000000009 0.76690979332240161 0.12516716606017383 -0.18499999999999997 -0.22499999999999998 0.068812798021743019 0.24483645938479917 2.1791485433219915 1.0080005308604478 -0.45499999999999996 1.8494995173391426 0.7328059813475637 80.850000000000009
decision_type=2 2 2 2 2 2 2 2 2 2 2 2 2 2 2 2 2 2
left_child=3 2 11 -1 5 6 7 8 -5 -7 14 17 -12 -13 -8 -16 -15 -2
right_child=1 -3 -4 4 -6 9 10 -9 -10 -11 12 13 -14 16 15 -17 -18 -19
leaf_value=-0.0011885102372753533 0.00038919466269102747 0.0014189026615273315 0.0013913449173390405 0.0016834976984626425 -0.0011126293045595149 1.6400514435801716e-05 -0.0013435535999093038 -0.00041461476185071251 5.1978883896558352e-05 -0.0013549336961710878 -0.00031025403411536297 -0.00052730911760655297 0.00073146259616786301 -0.00012327801228323218 -0.00099210997969569883 0.00018095367271116517 0.00058637015284091517 0.001023524161932302
leaf_weight=392 307 482 319 545 457 304 342 541 401 447 441 508 326 379 375 331 432 333
leaf_count=392 307 482 319 545 457 304 342 541 401 447 441 508 326 379 375 331 432 333
internal_value=0 0.00055811 0.000373239 -0.000314104 -0.000236747 -0.000136503 1.16937e-05 0.000480755 0.000997978 -0.000793894 -0.000369901 0.000204276 0.000126375 -4.64755e-05 -0.000737651 -0.000435582 0.000248833 0.000728126
internal_weight=7662 2760 2278 4902 4510 4053 3302 1487 946 751 1815 1959 767 1319 1048 706 811 640
internal_count=7662 2760 2278 4902 4510 4053 3302 1487 946 751 1815 1959 767 1319 1048 706 811 640
is_linear=0
shrinkage=0.05


Tree=14
num_leaves=19
num_cat=1
split_feature=3 2 2 7 2 2 1 7 7 1 2 8 8 2 9 1 1 8
split_gain=0.485503 0.209304 0.22419 0.157276 0.15574 0.122129 0.121224 0.0966956 0.214285 0.130717 0.119728 0.0965081 0.190207 0.113622 0.0814271 0.0651801 0.059609 0.0269465
threshold=1.3886314400524828 -0.05179235213053509 -0.45543815844115437 -0.22499999999999998 -1.0714233294301199 0.98562735531657297 1.8070259303324521 -0.53499999999999992 -0.18499999999999997 2.5473627904687342 0.28397542603779119 82.550000000000011 84.550000000000011 0.99919113735369491 0 2.2076113209518469 2.1607672570857823 80.850000000000009
decision_type=2 2 2 2 2 2 2 2 2 2 2 2 2 2 1 2 2 2
left_child=1 2 16 -4 -2 7 11 -3 10 14 -9 17 13 -13 -10 -12 -1 -6
right_child=4 5 3 -5 6 -7 -8 8 9 -11 15 12 -14 -15 -16 -17 -18 -19
leaf_value=-5.0188547037455862e-05 0.0015786165906177215 -0.0012469812353523098 0.0012593321725780553 -1.6386608842556655e-06 0.00034497370901142638 0.00032003255368262117 0.0011661270181694296 0.00064299162415975522 -0.00089703342418925944 -0.0002005587521229074 3.1624047273105721e-06 -0.0012446267042799074 0.00069332806808536265 2.8463281626927154e-05 -0.0019898844055307634 -0.00092650801092455752 -0.00095985602084647204 0.00093249443736443099
leaf_weight=378 316 555 503 470 450 359 421 423 424 361 407 343 480 342 322 334 366 408
leaf_count=378 316 555 503 470 450 359 421 423 424 361 407 343 480 342 322 334 366 408
internal_value=0 -0.000298491 0.000144146 0.00064572 0.000530461 -0.000538652 0.000392303 -0.000649578 -0.000500896 -0.000998713 -2.27137e-05 0.000228298 -6.42349e-05 -0.000602607 -0.00137747 -0.000409825 -0.000505085 0.000630935
internal_weight=7662 4902 1717 973 2760 3185 2444 2826 2271 1107 1164 2023 1165 685 746 741 744 858
internal_count=7662 4902 1717 973 2760 3185 2444 2826 2271 1107 1164 2023 1165 685 746 741 744 858
cat_boundaries=0 1
cat_threshold=2
is_linear=0
shrinkage=0.05


Tree=15
num_leaves=19
num_cat=0
split_feature=3 2 6 2 1 4 2 6 6 1 8 8 7 7 4 10 6 2
split_gain=0.438856 0.18879 0.214259 0.280215 0.142151 0.135668 0.110396 0.128992 0.199643 0.105067 0.0902376 0.103038 0.0823579 0.101401 0.0777525 0.0668739 0.057763 0.0380154
threshold=1.3886314400524828 -0.05179235213053509 -1.095 -0.31890293477972526 1.8070259303324521 1.4160635171477389 0.98562735531657297 1.175 1.3150000000000002 2.1537493171748756 82.550000000000011 84.450000000000017 -0.46499999999999991 -0.19499999999999998 0.63631126735220167 1.0000000180025095e-35 1.4750000000000003 0.18275003672071807
decision_type=2 2 2 2 2 2 2 2 2 2 2 2 2 2 2 2 2 2
left_child=1 2 -1 9 5 10 7 12 -9 -4 17 14 -3 -14 -12 -15 -10 -2
right_child=4 6 3 -5 -6 -7 -8 8 16 -11 11 -13 13 15 -16 -17 -18 -19
leaf_value=-0.00071784206572134113 0.0010061691440429552 -0.0015569015053179495 0.00042077939258593639 0.001426163911998902 0.0012873140467237996 0.0012930709245299568 0.00030407534992749183 0.00076980163427024773 -0.00027153640245864465 -0.0007891456512330421 -0.0010687656772528096 0.00043666124958996206 -0.00014115175751227413 -0.0004972636365432689 1.8506485807264631e-05 -0.0014238331385693301 -0.0012005321232140208 0.00029306115922175872
leaf_weight=510 317 370 394 488 482 319 359 361 420 325 328 475 526 361 311 488 300 528
leaf_count=510 317 370 394 488 482 319 359 361 420 325 328 475 526 361 311 488 300 528
internal_value=0 -0.000283761 0.000136509 0.000501938 0.000504363 0.000336013 -0.000511865 -0.000617358 -0.000182078 -0.000119519 0.000177037 -0.000114797 -0.000883884 -0.000698147 -0.000532578 -0.00103678 -0.000666681 0.000567365
internal_weight=7662 4902 1717 1207 2760 2278 3185 2826 1081 719 1959 1114 1745 1375 639 849 720 845
internal_count=7662 4902 1717 1207 2760 2278 3185 2826 1081 719 1959 1114 1745 1375 639 849 720 845
is_linear=0
shrinkage=0.05


Tree=16
num_leaves=18
num_cat=0
split_feature=3 1 4 6 6 8 3 0 0 7 4 0 0 1 7 6 4
split_gain=0.396715 0.128125 0.122359 0.114233 0.134688 0.14646 0.211003 0.249239 0.204003 0.117247 0.114389 0.0935702 0.108773 0.0757336 0.0670234 0.0529503 0.0386026
threshold=1.3886314400524828 1.8070259303324521 1.4160635171477389 1.4950000000000003 -1.5049999999999997 84.350000000000009 0.76690979332240161 0.12516716606017383 -0.26521352132321657 -0.22499999999999998 0.068812798021743019 0.56560311195187896 0.99717809083645925 2.1791485433219915 -0.26499999999999996 -0.31499999999999995 0.7328059813475637
decision_type=2 2 2 2 2 2 2 2 2 2 2 2 2 2 2 2 2
left_child=3 2 11 4 -1 6 7 8 -6 -7 14 15 -13 -12 -8 -2 -14
right_child=1 -3 -4 -5 5 9 10 -9 -10 -11 13 12 16 -15 -16 -17 -18
leaf_value=-0.0010760215145246988 0.00024859766444142097 0.0012230816053780769 0.0012286193918243386 -0.0010241905336759009 0.00016049995735216077 7.7791711049284161e-06 -0.0010215835204256563 -0.0003679302596684361 0.0016476875280791875 -0.0012482893324608671 -0.00028223171938785791 -0.00087060523044568997 -0.00016053189382204472 0.0007177807644756501 -0.00020102906531359023 0.0011039988773401273 0.00051692643861515712
leaf_weight=392 488 482 319 457 434 304 582 541 512 447 441 338 390 326 466 308 435
leaf_count=392 488 482 319 457 434 304 582 541 512 447 441 338 390 326 466 308 435
internal_value=0 0.000479567 0.000319585 -0.000269763 -0.000190862 -0.000103773 3.81977e-05 0.000480956 0.000971575 -0.000733858 -0.000321859 0.000168457 -0.000113852 0.000136677 -0.000662025 0.000586825 0.000190814
internal_weight=7662 2760 2278 4902 4445 4053 3302 1487 946 751 1815 1959 1163 767 1048 796 825
internal_count=7662 2760 2278 4902 4445 4053 3302 1487 946 751 1815 1959 1163 767 1048 796 825
is_linear=0
shrinkage=0.05


Tree=17
num_leaves=19
num_cat=0
split_feature=3 2 6 2 6 2 2 6 6 1 0 8 8 8 2 3 1 1
split_gain=0.358408 0.170612 0.193262 0.25317 0.304605 0.135584 0.0969282 0.119063 0.177906 0.0869989 0.0857223 0.0798985 0.0796497 0.159476 0.095567 0.0522091 0.0453997 0.0253635
threshold=1.3886314400524828 -0.05179235213053509 -1.095 -0.56541646306981697 1.2350000000000001 -1.0714233294301199 0.98562735531657297 1.175 1.3150000000000002 1.8070259303324521 0.067114791955347711 82.850000000000009 82.550000000000011 84.550000000000011 0.99919113735369491 0.78548605566032748 1.9741473425045146 1.1012873832220118
decision_type=2 2 2 2 2 2 2 2 2 2 2 2 2 2 2 2 2 2
left_child=1 2 -1 -4 -5 -2 7 10 -9 12 16 -12 17 14 -14 -10 -3 -7
right_child=5 6 3 4 -6 9 -8 8 15 -11 11 -13 13 -15 -16 -17 -18 -19
leaf_value=-0.00066804211648879808 0.0014335629409874097 -0.0016865760860367382 -0.00059158130333742385 0.0017088128327786105 -0.00024776255886744636 0.00032094478370805942 0.00029075463115966864 0.00074442296415774519 -0.00018146751718289722 0.00098273648434416255 -9.4417567005151572e-05 -0.0010783042889764079 -0.0011598352822642652 0.00061503693984197986 6.1636182523831286e-06 -0.0010529865462926087 -0.00088825157933998663 0.00090302063739934558
leaf_weight=510 316 315 369 525 313 525 359 361 371 421 553 341 343 480 342 349 536 333
leaf_count=510 316 315 369 525 313 525 359 361 371 421 553 341 343 480 342 349 536 333
internal_value=0 -0.000256405 0.000143064 0.000490193 0.000972632 0.000455829 -0.0004733 -0.000572199 -0.000153946 0.000326832 -0.0008282 -0.000476075 0.000187445 -7.80759e-05 -0.000571238 -0.000611722 -0.00119125 0.000553464
internal_weight=7662 4902 1717 1207 838 2760 3185 2826 1081 2444 1745 894 2023 1165 685 720 851 858
internal_count=7662 4902 1717 1207 838 2760 3185 2826 1081 2444 1745 894 2023 1165 685 720 851 858
is_linear=0
shrinkage=0.05


Tree=18
num_leaves=18
num_cat=0
split_feature=3 1 4 6 6 6 0 3 7 0 7 0 0 0 0 6 8
split_gain=0.324144 0.106046 0.108961 0.100496 0.123562 0.307545 0.13332 0.113912 0.100843 0.156496 0.175851 0.155874 0.0856231 0.090916 0.0559679 0.0524573 0.0375781
threshold=1.3886314400524828 1.8070259303324521 1.4160635171477389 1.4950000000000003 1.175 1.2550000000000001 0.67044402693123983 0.77981227354782023 -0.38499999999999995 -0.47544455365116528 -0.24499999999999997 0.15493778450120618 0.56560311195187896 0.99717809083645925 -0.16157915904334422 -0.31499999999999995 84.050000000000011
decision_type=2 2 2 2 2 2 2 2 2 2 2 2 2 2 2 2 2
left_child=3 2 12 4 6 -6 8 -7 14 -10 -11 -12 15 -14 -1 -2 -15
right_child=1 -3 -4 -5 5 7 -8 -9 9 10 11 -13 13 16 -16 -17 -18
leaf_value=-0.00046541098279061883 0.0002091775449976189 0.0011101722099553625 0.0011453890913717261 -0.00095151207740235607 0.0015484781808719947 0.00038637385817922568 0.00045231612224989903 -0.00068019676873570594 -0.0010088693987900894 0.0010027378207608947 0.0001370572797463236 -0.0010881081598144925 -0.00081682654798121356 0.00043879257656242874 -0.001403931845839874 0.0010593335987441695 -0.00024028453288348582
leaf_weight=305 488 482 319 457 332 446 444 559 548 326 686 411 338 485 388 308 340
leaf_count=305 488 482 319 457 332 446 444 559 548 326 686 411 338 485 388 308 340
internal_value=0 0.000433456 0.000287652 -0.000243877 -0.000169802 0.000229777 -0.00034332 -0.000201989 -0.000477922 -0.000291641 -1.14094e-05 -0.00031798 0.000144915 -0.000125076 -0.000999345 0.000545322 0.000152925
internal_weight=7662 2760 2278 4902 4445 1337 3108 1005 2664 1971 1423 1097 1959 1163 693 796 825
internal_count=7662 2760 2278 4902 4445 1337 3108 1005 2664 1971 1423 1097 1959 1163 693 796 825
is_linear=0
shrinkage=0.05


Tree=19
num_leaves=20
num_cat=0
split_feature=3 2 6 1 1 3 7 10 7 2 3 6 1 1 6 2 2 6 2
split_gain=0.30153 0.201091 0.264402 0.159128 0.152271 0.260422 0.243147 0.134573 0.110451 0.125382 0.109036 0.0752756 0.105314 0.0505602 0.0408245 0.0363099 0.0311459 0.0223055 0.00452485
threshold=1.1454249119246498 0.15511830477037003 -1.4149999999999998 2.8890016294355623 2.6332357104694535 0.81934237010715971 -0.38499999999999995 1.0000000180025095e-35 -0.18499999999999997 -0.25846155819455402 1.6088073526593714 1.175 2.0027101460385688 2.4610101320716855 1.405 1.0879683175167167 0.69836654114862118 1.0250000000000001 1.5812785671373477
decision_type=2 2 2 2 2 2 2 2 2 2 2 2 2 2 2 2 2 2 2
left_child=1 2 -1 7 5 6 -4 8 9 -2 16 12 -3 -14 -13 -12 -9 -17 -19
right_child=3 11 4 -5 -6 -7 -8 10 -10 -11 15 14 13 -15 -16 17 -18 18 -20
leaf_value=-0.0013044275411084529 -0.00013962506732829807 -0.0016219334564052787 -5.9540857094111066e-05 0.0013089067011398624 -0.00054887912480684764 -0.00043169136421497437 0.0016908024832490737 -8.4846055914802553e-05 0.0014244736890005126 0.0010415043643649583 -0.00017817533757864641 4.459310051319702e-05 -0.00015023908721942261 -0.00095206455173748065 -0.00066431267315916439 0.00075239674191390988 -0.00074876223828202165 6.5569853197202296e-05 0.00036125858020600519
leaf_weight=302 543 367 300 371 397 428 555 309 323 375 345 435 384 443 361 327 479 306 312
leaf_count=302 543 367 300 371 397 428 555 309 323 375 345 435 384 443 361 327 479 306 312
internal_value=0 -0.000302088 5.20793e-05 0.000325583 0.000299533 0.000566175 0.00107145 0.000213799 0.000625748 0.00033803 -2.99985e-05 -0.000657192 -0.000909983 -0.000586424 -0.000271065 0.000250458 -0.000495194 0.000412252 0.00022327
internal_weight=7662 3972 1982 3690 1680 1283 855 3319 1241 918 2078 1990 1194 827 796 1290 788 945 618
internal_count=7662 3972 1982 3690 1680 1283 855 3319 1241 918 2078 1990 1194 827 796 1290 788 945 618
is_linear=0
shrinkage=0.05


Tree=20
num_leaves=19
num_cat=0
split_feature=3 2 6 6 8 3 1 0 8 0 10 2 8 8 2 0 1 3
split_gain=0.272573 0.181573 0.25148 0.151877 0.210237 0.145942 0.14359 0.12243 0.144968 0.109409 0.10262 0.086673 0.0847786 0.112164 0.133699 0.0528814 0.042827 0.0352623
threshold=1.1454249119246498 0.14591606732906082 -1.095 1.3450000000000004 83.450000000000017 0.65389067956552605 2.8890016294355623 1.7694925208475645 82.550000000000011 0.52585104196134191 1.0000000180025095e-35 0.99919113735369491 81.250000000000014 82.950000000000017 0.54992856608173013 -0.50902793850119121 2.4301468864918427 1.6088073526593714
decision_type=2 2 2 2 2 2 2 2 2 2 2 2 2 2 2 2 2 2
left_child=1 2 -1 4 5 -4 7 8 10 -10 15 -11 16 -14 -15 -2 -3 -12
right_child=6 12 3 -5 -6 -7 -8 -9 9 11 17 -13 13 14 -16 -17 -18 -19
leaf_value=-0.00082264269760782324 0.00047776937222472984 -0.0014148266117610629 0.0020991600509687458 -0.00041667193434572402 -0.00015598931067499261 0.00052882351397307264 0.0012436372808466937 0.0011344002800215095 0.00036696266425579032 -0.0009813119777777326 -0.00027821354931965994 -7.0415702304423231e-05 0.00014998684004175587 -0.0013974237987164568 -4.1924873547278275e-05 0.001427239549815734 -0.00058710597995687746 0.00039243771026303029
leaf_weight=574 326 401 306 383 386 308 371 319 518 515 355 555 562 402 346 305 304 426
leaf_count=574 326 401 306 383 386 308 371 319 518 515 355 555 562 402 346 305 304 426
internal_value=0 -0.000287348 5.33499e-05 0.000420866 0.000746734 0.00132171 0.000309423 0.000203146 0.000102112 -0.000223445 0.000471686 -0.000514013 -0.000620583 -0.000376253 -0.000777984 0.000946149 -0.00106633 8.12364e-05
internal_weight=7662 3972 1957 1383 1000 614 3690 3319 3000 1588 1412 1070 2015 1310 748 631 705 781
internal_count=7662 3972 1957 1383 1000 614 3690 3319 3000 1588 1412 1070 2015 1310 748 631 705 781
is_linear=0
shrinkage=0.05


Tree=21
num_leaves=19
num_cat=0
split_feature=3 2 3 8 3 2 8 2 8 8 3 6 8 8 2 3 6 2
split_gain=0.248378 0.132913 0.172328 0.197626 0.156819 0.122184 0.0830907 0.0845225 0.100723 0.18381 0.119539 0.0811923 0.0605291 0.129209 0.106197 0.0360892 0.0310719 0.0276453
threshold=1.3886314400524828 -0.05179235213053509 0.45481595971570338 80.750000000000014 0.72773412494745193 -1.0714233294301199 84.350000000000009 0.97565887277006136 81.250000000000014 81.950000000000017 0.83213213246857554 -0.98499999999999988 82.550000000000011 84.550000000000011 0.99919113735369491 1.6695913501782316 1.0850000000000002 1.2016508885322728
decision_type=2 2 2 2 2 2 2 2 2 2 2 2 2 2 2 2 2 2
left_child=1 2 -1 -4 -5 -2 7 8 11 -10 -11 -3 15 14 -14 -7 -6 -17
right_child=5 6 3 4 16 12 -8 -9 9 10 -12 -13 13 -15 -16 17 -18 -19
leaf_value=0.0011301521175480697 0.0013068972731523998 -0.00027188862963026006 0.00076775623863392498 -0.0014364328718748497 -0.00040470324731551211 0.00089254869562166146 -0.00096680509168854841 0.00047494197453718846 0.00093968890894166189 6.5429018992140204e-05 -0.0010257121996994605 -0.0011890845616597658 -0.0010338356342324655 0.0006267678260117079 0.00013271180100390232 -5.5315740784670281e-05 0.00029741221516049244 0.00055988684474055637
leaf_weight=349 316 469 432 312 321 426 551 315 319 532 461 538 349 527 426 301 303 415
leaf_count=349 316 469 432 312 321 426 551 315 319 532 461 538 349 527 426 301 303 415
internal_value=0 -0.000213567 0.000138817 -0.000111078 -0.000522417 0.000379345 -0.000405086 -0.000285361 -0.000390952 -9.77189e-05 -0.000436625 -0.000767564 0.000256885 1.97689e-05 -0.000386823 0.000522595 -5.58418e-05 0.000294571
internal_weight=7662 4902 1717 1368 936 2760 3185 2634 2319 1312 993 1007 2444 1302 775 1142 624 716
internal_count=7662 4902 1717 1368 936 2760 3185 2634 2319 1312 993 1007 2444 1302 775 1142 624 716
is_linear=0
shrinkage=0.05


Tree=22
num_leaves=19
num_cat=1
split_feature=3 6 1 3 1 7 1 10 7 3 3 8 6 9 3 4 1 1
split_gain=0.226411 0.133569 0.127813 0.116185 0.451485 0.159813 0.122783 0.111094 0.0996897 0.0865858 0.0843292 0.0671257 0.0569673 0.0319139 0.0269798 0.0178791 0.0148553 0.0162861
threshold=1.1454249119246498 -1.4149999999999998 2.8890016294355623 0.81934237010715971 2.2572990589913533 -0.39499999999999996 2.4301468864918427 1.0000000180025095e-35 -0.18499999999999997 1.6088073526593714 0.32372098314141484 82.550000000000011 1.1650000000000003 0 2.5019012064189643 0.29495687315548702 1.2392275502856609 0.88829700562836689
decision_type=2 2 2 2 2 2 2 2 2 2 2 2 2 1 2 2 2 2
left_child=1 -1 7 4 5 -3 12 8 11 15 -6 -2 -5 -12 16 -9 17 -11
right_child=2 3 -4 6 10 -7 -8 9 -10 14 13 -13 -14 -15 -16 -17 -18 -19
leaf_value=-0.0010678522786029593 0.00069777228889165847 7.5060737627900983e-07 0.0011634956254201042 -0.0011212117250728986 8.6723017927559424e-05 0.001408625846461322 0.00032953286411811344 -0.00022602012443205638 0.0013145822306409802 0.00017087455791762045 -0.00054714279044702557 -0.00014977832998834507 -0.00035603106304259776 -0.0011935855695308925 0.00061036345937486665 -0.00072992738265200644 0.00035605306043315311 -0.0003239504338718036
leaf_weight=456 474 317 371 572 364 589 318 442 323 344 544 444 467 345 319 346 316 311
leaf_count=456 474 317 371 572 364 589 318 442 323 344 544 444 467 345 319 346 316 311
internal_value=0 -0.000261806 0.000282088 -0.000155572 7.02817e-05 0.000922082 -0.000518377 0.000181737 0.000556131 -3.96091e-05 -0.000541882 0.000282688 -0.000782766 -0.000804689 0.000209965 -0.000454261 7.2786e-05 -5.65866e-05
internal_weight=7662 3972 3690 3516 2159 906 1357 3319 1241 2078 1253 918 1039 889 1290 788 971 655
internal_count=7662 3972 3690 3516 2159 906 1357 3319 1241 2078 1253 918 1039 889 1290 788 971 655
cat_boundaries=0 1
cat_threshold=2
is_linear=0
shrinkage=0.05


end of trees

feature_importances:
pfx_x=68
plate_z=58
plate_x_adj=56
plate_x=50
release_speed=47
out_of_zone_dist=45
zone_center_dist=44
pfx_z=31
same_side=17
stand_cat=2

parameters:
[boosting: gbdt]
[objective: regression]
[metric: rmse]
[tree_learner: serial]
[device_type: cpu]
[data_sample_strategy: bagging]
[data: ]
[valid: ]
[num_iterations: 600]
[learning_rate: 0.05]
[num_leaves: 127]
[num_threads: 2]
[seed: 42]
[deterministic: 0]
[force_col_wise: 0]
[force_row_wise: 0]
[histogram_pool_size: -1]
[max_depth: 8]
[min_data_in_leaf: 300]
[min_sum_hessian_in_leaf: 0.001]
[bagging_fraction: 0.8]
[pos_bagging_fraction: 1]
[neg_bagging_fraction: 1]
[bagging_freq: 0]
[bagging_seed: 400]
[bagging_by_query: 0]
[feature_fraction: 0.8]
[feature_fraction_bynode: 1]
[feature_fraction_seed: 30056]
[extra_trees: 0]
[extra_seed: 12879]
[early_stopping_round: 0]
[early_stopping_min_delta: 0]
[first_metric_only: 0]
[max_delta_step: 0]
[lambda_l1: 0.1]
[lambda_l2: 1]
[linear_lambda: 0]
[min_gain_to_split: 0]
[drop_rate: 0.1]
[max_drop: 50]
[skip_drop: 0.5]
[xgboost_dart_mode: 0]
[uniform_drop: 0]
[drop_seed: 17869]
[top_rate: 0.2]
[other_rate: 0.1]
[min_data_per_group: 100]
[max_cat_threshold: 32]
[cat_l2: 10]
[cat_smooth: 10]
[max_cat_to_onehot: 4]
[top_k: 20]
[monotone_constraints: ]
[monotone_constraints_method: basic]
[monotone_penalty: 0]
[feature_contri: ]
[forcedsplits_filename: ]
[refit_decay_rate: 0.9]
[cegb_tradeoff: 1]
[cegb_penalty_split: 0]
[cegb_penalty_feature_lazy: ]
[cegb_penalty_feature_coupled: ]
[path_smooth: 0]
[interaction_constraints: ]
[verbosity: -1]
[saved_feature_importance_type: 0]
[use_quantized_grad: 0]
[num_grad_quant_bins: 4]
[quant_train_renew_leaf: 0]
[stochastic_rounding: 1]
[linear_tree: 0]
[max_bin: 255]
[max_bin_by_feature: ]
[min_data_in_bin: 3]
[bin_construct_sample_cnt: 200000]
[data_random_seed: 175]
[is_enable_sparse: 1]
[enable_bundle: 1]
[use_missing: 1]
[zero_as_missing: 0]
[feature_pre_filter: 1]
[pre_partition: 0]
[two_round: 0]
[header: 0]
[label_column: ]
[weight_column: ]
[group_column: ]
[ignore_column: ]
[categorical_feature: 9]
[forcedbins_filename: ]
[precise_float_parser: 0]
[parser_config_file: ]
[objective_seed: 16083]
[num_class: 1]
[is_unbalance: 0]
[scale_pos_weight: 1]
[sigmoid: 1]
[boost_from_average: 1]
[reg_sqrt: 0]
[alpha: 0.9]
[fair_c: 1]
[poisson_max_delta_step: 0.7]
[tweedie_variance_power: 1.5]
[lambdarank_truncation_level: 30]
[lambdarank_norm: 1]
[label_gain: ]
[lambdarank_position_bias_regularization: 0]
[eval_at: ]
[multi_error_top_k: 1]
[auc_mu_weights: ]
[num_machines: 1]
[local_listen_port: 12400]
[time_out: 120]
[machine_list_filename: ]
[machines: ]
[gpu_platform_id: -1]
[gpu_device_id: -1]
[gpu_use_dp: 0]
[num_gpu: 1]

end of parameters

pandas_categorical:[["L", "R"]]
